975
44 54
87 97
56 66
79 89
50 60
13 23
53 63
72 82
56 66
92 102
47 57
53 63
81 91
34 44
23 33
71 81
20 30
79 89
40 50
88 98
18 28
68 78
88 98
16 26
10 20
57 67
51 61
12 22
69 79
46 56
45 55
14 24
85 95
91 101
45 55
35 45
57 67
50 60
59 69
65 75
43 53
59 69
70 80
76 86
83 93
83 93
48 58
93 103
62 72
78 88
82 92
70 80
47 57
32 42
38 48
99 109
41 51
42 52
63 73
10 20
40 50
98 108
66 76
26 36
52 62
63 73
13 23
61 71
66 76
63 73
26 36
99 109
22 32
86 96
37 47
95 105
31 41
75 85
51 61
83 93
16 26
85 95
15 25
53 63
17 27
95 105
52 62
48 58
37 47
15 25
10 20
68 78
66 76
67 77
84 94
18 28
82 92
87 97
69 79
48 58
